1.000000000000000000e+00
9.691799773585875188e-01
1.037319453973913674e+00
8.832452920875814018e-01
9.034642120699442058e-01
9.144972900456944664e-01
9.541007444522882075e-01
9.345326777734457302e-01
9.488668539507921773e-01
8.493928533198229491e-01
8.701936859007457503e-01
8.441466273332697279e-01
3.929146918390308829e-01
3.740454421252088490e-01
3.313272435140623418e-01
4.369282799564693232e-01
4.451852755356006663e-01
4.441637046600786509e-01
5.225977687731958587e-01
5.273490761298899043e-01
5.262059840774991892e-01
6.263592392536577735e-01
6.636740523490117782e-01
6.810921907957586674e-01
7.334163792309922325e-01
7.466738890512052418e-01
7.127718407906863396e-01
7.080719430194105657e-01
7.519501942531290339e-01
7.508606728062051650e-01
6.748265710592032951e-01
7.196501674540826121e-01
5.830249185503533216e-01
6.934251067108223587e-01
7.132943034945309346e-01
7.471888003441642390e-01
7.370592423682009731e-01
7.455222759576093372e-01
7.745985471236483955e-01
8.127242232309749292e-01
7.846336642365200342e-01
8.131170793463925461e-01
8.020660725427455340e-01
8.863083747198928775e-01
8.205958506897129690e-01
8.395315175627023896e-01
8.066203607967139533e-01
9.069505605999013120e-01
8.925916680459112795e-01
9.271813229148221369e-01
9.203302488259801351e-01
9.260702904790727441e-01
8.664085329918405076e-01
9.340440868964106080e-01
9.454558410875235630e-01
9.338046941775739462e-01
9.446732710417473644e-01
9.417281997152109341e-01
9.314113113139937949e-01
9.241219902477380010e-01
9.235514837518902231e-01
9.152550726815150695e-01
8.908551296624712679e-01
9.094599881931537677e-01
9.082179354447263986e-01
8.490067471296942614e-01
8.575493355444026022e-01
9.125565632675207706e-01
9.080000282373138498e-01
8.879857690312989993e-01
8.780427522651305106e-01
8.718691194312782056e-01
9.024569417761943990e-01
9.007074952752633923e-01
8.944275687743424852e-01
7.788418323771046925e-01
8.388290857792252142e-01
7.056609921428191878e-01
7.283470327289259805e-01
5.369811347471998841e-01
