1.000000000000000000e+00
1.002401465415104553e+00
7.578307042114702519e-01
7.588508987037734244e-01
7.084330286919838793e-01
7.014652798574473325e-01
6.561547432892970155e-01
6.105699125548557094e-01
6.237954825538458703e-01
6.724123269408003312e-01
6.615548281887345672e-01
7.518632594598794183e-01
8.119200409880578118e-01
7.899801839397401215e-01
7.888293119418680055e-01
8.201757417021761087e-01
8.685641612420933466e-01
8.501305774074842114e-01
8.904156966811774820e-01
7.535697750550089946e-01
8.899379526574187071e-01
7.781727971103400421e-01
8.152960953878749528e-01
7.595495157506946260e-01
7.429617135674018158e-01
7.949567218883505371e-01
7.923940820930551743e-01
8.427078548372191058e-01
8.205021872868595301e-01
7.652763762061587371e-01
7.170403059436170068e-01
7.703931133036129308e-01
7.562754468772434624e-01
8.737495605510749996e-01
9.303618365142419799e-01
8.762692137872095666e-01
8.795326375001492059e-01
8.366938586741222705e-01
7.444838150261169352e-01
8.707695983410509433e-01
8.571750109627295222e-01
8.407802465895947153e-01
8.335398814962825531e-01
8.478522142903023306e-01
6.739932904913643608e-01
6.509672386517043607e-01
6.802699130287594986e-01
5.320101028406364341e-01
6.044455461478211999e-01
6.499966009321462845e-01
6.370501366471482685e-01
6.185344593915393929e-01
6.274430991286222836e-01
5.798181387840467549e-01
5.381792764650593641e-01
6.033370539835970492e-01
6.167954538499906825e-01
4.930670412215232279e-01
7.372671085556247172e-01
7.861546040355397169e-01
6.306427098600674297e-01
6.886718646991886184e-01
7.614160508352691981e-01
6.541434516189170711e-01
6.046586801944577871e-01
6.712126609598044746e-01
5.614156491651485226e-01
6.576126752447944979e-01
7.786132535067575855e-01
6.367299962077286324e-01
5.913741215369658910e-01
5.889496412146394411e-01
5.766833379320469577e-01
5.421922301590521576e-01
6.072222865436460726e-01
5.624131671384149378e-01
5.858104920823988815e-01
7.333101135455678543e-01
7.310527760577680834e-01
8.473315290268662592e-01
8.625467788704765937e-01
7.403905182486012482e-01
7.908549923988039687e-01
6.332702748478860055e-01
5.591655331662844786e-01
5.824224816119158987e-01
6.410183855467178615e-01
6.481158574318072185e-01
5.806688096346487304e-01
6.468553416533662226e-01
5.554311514944301198e-01
7.407672897667116896e-01
5.849948971909094686e-01
6.545921820651994238e-01
7.922404944877122768e-01
7.219450006133892872e-01
7.421004537012058089e-01
8.477730788420410057e-01
8.699406352010726762e-01
8.091561604999615298e-01
8.051344185199912351e-01
9.377540957369081553e-01
5.673259213155238401e-01
4.793282407915941956e-01
6.237347869480840412e-01
5.453499870323470500e-01
4.997486592575000053e-01
5.124299562268720409e-01
5.874260523627748976e-01
4.669066739826011614e-01
4.362914035147970604e-01
4.714944910907958309e-01
4.700127765392346224e-01
4.377769980635625724e-01
5.012226295080743910e-01
4.606626384793770512e-01
5.192620407389285653e-01
4.754341660136910952e-01
5.569973743323637372e-01
6.167261223329825182e-01
5.044778702984735741e-01
4.217228246417612514e-01
3.568714918537541636e-01
5.507774482900286150e-01
6.259017662790615777e-01
7.181177743687965354e-01
8.388298055926592112e-02
8.212760759542440947e-02
1.101773443779073686e-01
8.910747003013202994e-02
7.274168858782086022e-02
8.187558708886530368e-02
1.156065098104694933e-01
9.560552488214436873e-02
1.407894159517561472e-01
8.696265596127988884e-02
6.181612568973592070e-02
6.114224406699140385e-02
6.399358288901378644e-02
9.059514257576140039e-02
6.124168817741540427e-02
8.259896304854098814e-02
7.721060183455646930e-02
7.268246365182208513e-02
7.397157761840957024e-02
7.641526880627094731e-02
1.040853840758156207e-01
8.320955718259456790e-02
6.838821201725886478e-02
7.562611332399812869e-02
1.101427678566694185e-01
1.254931299963647218e-01
1.161380725778170669e-01
1.244292462443109676e-01
1.114795126196648639e-01
1.130072471926933109e-01
1.152684325073457944e-01
1.239410447472645421e-01
1.290462122565034508e-01
1.205180797056422115e-01
1.359808244399877686e-01
1.216731009289633847e-01
9.643347026317915238e-02
1.113007426110175363e-01
6.907720201397347937e-02
1.338454172741125603e-01
1.708639538772395716e-01
8.877357815116700135e-02
9.835729940151347050e-02
6.634330749594133381e-02
6.237701857176611991e-02
1.196448033493551361e-01
2.435581389547012976e-01
2.793126228874479589e-01
4.647883963054915135e-01
5.679709653696137783e-01
4.925054416149888814e-01
4.857072865094755332e-01
6.012631172198941165e-01
7.653748658891410539e-01
7.494913206975316600e-01
7.209172429892040102e-01
6.647716754871102474e-01
8.179724756303077271e-01
7.724871201570340240e-01
6.194216455194533344e-01
5.024458634988197003e-01
4.570200810213003173e-01
4.778353757175100025e-01
3.051118833821854226e-01
2.683739335599334974e-01
1.552518049934113187e-01
2.652689201510836092e-01
3.737726446759296883e-01
2.901100651473554337e-01
1.432727188393222995e-01
8.516905851463418831e-02
7.357601719173197108e-02
1.029064102619215437e-01
9.261536004709966519e-02
8.726856160770835036e-02
7.091861832499388174e-02
8.019089895359940434e-02
6.993705566489566428e-02
7.293619853028474043e-02
8.276677369531847128e-02
7.221114882090592935e-02
6.409439351022956644e-02
7.938506948413863451e-02
8.661439553625141508e-02
9.167698273077327931e-02
7.733486701634836868e-02
7.643055051895500385e-02
1.067424525280043501e-01
1.279218304787978489e-01
1.877382985440649021e-01
1.558603232681088913e-01
1.292780928228975668e-01
1.531190112873967724e-01
1.907406974263629040e-01
2.259097426029879341e-01
2.502403206635296917e-01
2.210876799458141584e-01
2.111394935979953869e-01
2.444553925387898119e-01
1.647150349673154046e-01
2.746991138275841626e-01
2.826882721613417915e-01
1.594170994870301450e-01
2.207031089499560672e-01
2.083564951053642200e-01
2.703356464607321041e-01
2.549197634319376737e-01
3.305310669136992674e-01
3.588937054263259818e-01
5.670660541618173234e-01
5.298772129044512225e-01
5.412840569833839988e-01
5.932746931776129440e-01
5.955001279074412235e-01
8.929235163286436405e-01
9.064279122086603691e-01
8.646002770152738659e-01
7.433250112852942681e-01
7.481223372383203341e-01
7.204625058873379562e-01
7.398983867776389722e-01
9.031060579983491987e-01
8.150980951802995200e-01
6.896125672201488532e-01
7.026002980908256923e-01
6.569621598418744490e-01
7.140453916347516694e-01
8.386360235353398362e-01
8.549930014315479943e-01
7.281678683065596625e-01
7.591026037535422155e-01
9.964834557354945721e-01
8.261076496906136768e-01
9.296446157770519303e-01
9.644694998987427548e-01
8.765263180236694263e-01
8.546539598211171374e-01
8.223077064014959747e-01
6.798719910203832040e-01
7.797043213651271287e-01
8.308308739083342109e-01
9.258442962706049384e-01
7.529961801718288994e-01
8.698259055498814840e-01
9.782347594088013354e-01
8.410963105911657411e-01
9.548918660835183925e-01
8.633690471578241432e-01
9.652941456625446781e-01
7.389702212061796116e-01
8.218604849933998091e-01
7.831949589986213489e-01
6.378047864017556412e-01
7.067766214797370772e-01
7.756383862139835106e-01
7.225511739773641251e-01
7.434127417999552012e-01
8.091457990955051027e-01
7.265035448156380582e-01
7.939919273664299837e-01
8.356956308510861131e-01
8.478517532963507630e-01
6.399021435252311152e-01
5.327459227671670350e-01
4.705523005471120013e-01
5.623334141608068437e-01
7.320895219637928442e-01
6.343809376679830914e-01
6.397343328205320478e-01
8.377991708378977886e-01
7.948052277723758330e-01
7.788506856095400721e-01
7.699469464804956642e-01
7.812838228132767959e-01
8.897083283985067759e-01
7.341852727059393624e-01
8.425565989251310173e-01
8.336136853764416488e-01
8.489199224118701981e-01
7.503987812465905405e-01
1.004505788198370553e+00
9.186796645390091776e-01
9.269295539778955595e-01
9.148439603323516023e-01
8.253550365056750993e-01
8.773098735480509003e-01
7.967460486286561672e-01
7.529522372141619346e-01
7.517594573021768589e-01
7.402952319034296069e-01
6.684194651235435547e-01
6.485833297971308475e-01
5.879631072287968552e-01
6.132295577863382530e-01
5.839737392851056530e-01
5.570654577230195192e-01
6.976147229637913449e-01
6.084443925137640319e-01
6.381850780433189207e-01
5.125943598302348247e-01
6.424025456446218474e-01
8.338201377521751168e-01
8.753883290921621319e-01
8.067020191414414620e-01
7.200190301392618286e-01
6.573746699180349484e-01
7.501620678944621590e-01
7.213169108312946776e-01
7.953646745252052064e-01
6.950632997087836662e-01
7.852286561671101284e-01
6.986423821773843912e-01
6.693246028728562225e-01
6.789967704491329803e-01
8.585047647370837032e-01
7.838977945441860662e-01
7.910932523696236895e-01
6.041235663814005230e-01
6.565021898075199536e-01
8.437593887316847674e-01
9.458294137023530723e-01
1.003108034240930646e+00
7.863764489216936715e-01
8.696706724937045552e-01
1.079192639486669325e+00
8.652003831035866011e-01
7.807734677353107555e-01
7.233058362530397911e-01
5.397351852372269665e-01
4.317348998351969169e-01
5.729830136642695138e-01
8.505571667349558496e-01
6.488266265556756895e-01
3.880071565575325954e-01
2.110616189995345726e-01
3.365382737079353759e-01
5.006702305899131122e-01
5.855136307554965613e-01
3.910203026283576855e-01
5.856876809394105932e-01
5.947106390814761445e-01
3.998298763218258167e-01
2.905781097622231468e-01
2.740349650539001813e-01
2.635331753683354816e-01
2.726510131859821717e-01
3.180350188415516643e-01
3.285662825675402243e-01
3.546613745731591605e-01
3.398969554067067245e-01
3.664010474511071314e-01
3.485147815470574506e-01
3.675575661909403213e-01
4.001693558060833711e-01
4.152671129807922745e-01
3.421547917951631157e-01
3.949676402619575200e-01
3.756229589472327990e-01
5.854240253541893590e-01
4.947847977857423585e-01
3.160968828107423856e-01
4.721840604921942464e-01
4.557858216422824849e-01
4.983640534842275760e-01
5.560607049935170076e-01
5.416471931236740422e-01
5.126826014422810607e-01
6.320898811798740802e-01
5.810406942139957343e-01
6.076826810013069569e-01
5.689491892451180588e-01
6.466143263386789908e-01
5.296244451108035323e-01
4.414605504290099458e-01
4.988134753193566584e-01
6.141586693601100988e-01
5.674707986255957959e-01
5.613624337393580133e-01
4.854739390858326398e-01
5.719057124877462428e-01
6.424571844091100381e-01
5.514047197968651171e-01
5.357109725830727642e-01
4.656507047786402897e-01
4.939522803968839360e-01
4.398062971818144651e-01
3.499112871930957769e-01
5.530790387288425647e-01
6.400701648377256081e-01
5.845911159419577841e-01
5.923870433182188977e-01
4.968762581394390310e-01
4.381344095497731184e-01
5.505034167690837643e-01
4.878135323097990139e-01
6.629756113040143894e-01
4.856938831072772356e-01
6.258786925769803666e-01
7.112081181362565063e-01
5.742754031155155037e-01
5.914515232559308666e-01
6.829530085000659057e-01
5.973473109772495793e-01
6.377032105453787070e-01
6.843169228024607031e-01
5.962007703135969727e-01
5.939459893698094684e-01
5.554689657375977418e-01
5.902150424747482083e-01
6.747624960757908630e-01
5.492365683952156186e-01
6.082914499784715101e-01
7.691133499676067187e-01
6.764546347205997456e-01
7.137837067941024127e-01
6.050560350644031971e-01
7.197046345822822877e-01
7.658511508512489963e-01
7.676786602355620825e-01
6.761010993622479370e-01
6.457654755932948909e-01
5.797824061459002642e-01
7.330015684349423521e-01
5.788101608914122398e-01
7.440701093267986233e-01
7.380589600906911629e-01
5.309906067461941381e-01
7.769731944789906031e-01
7.839258587303477022e-01
8.767023451579788462e-01
8.575885561944747160e-01
7.528366562804066353e-01
8.006943125584033982e-01
7.507016471866270191e-01
8.159998698141880391e-01
8.801510620580638156e-01
8.684572705439012053e-01
1.103245431034760582e+00
8.473123392784022156e-01
8.578902230296037157e-01
7.025543592819302186e-01
9.445975486221134254e-01
9.728624407432214793e-01
8.096345334528748383e-01
8.563009256676884506e-01
8.316567338331649628e-01
8.636521058694909270e-01
9.310994414013346043e-01
9.808030512799751355e-01
1.032306301781763747e+00
1.116817158659032083e+00
1.042084869263081526e+00
9.372568032598297405e-01
1.082054430415178903e+00
9.637558095837212013e-01
1.117515783658337147e+00
1.024408155788027575e+00
1.016350886883878868e+00
9.799030749495196702e-01
7.804945075794705867e-01
1.007508228596186939e+00
8.378776750567457077e-01
8.050302905963764299e-01
8.588292713535466971e-01
7.874283260306634835e-01
1.031843438657968459e+00
9.532186580625499062e-01
7.508308703345905055e-01
5.845075150704055478e-01
5.353241830141757251e-01
3.416163826631546940e-01
4.953624048430350091e-01
3.614232592798481969e-01
3.279885694177195887e-01
6.202308154868825252e-01
5.793156890284207883e-01
4.322226189369256510e-01
5.622069108190552722e-01
4.211719208034100936e-01
4.329834639531960350e-01
6.232311170612874207e-01
6.106809336920596687e-01
5.417099067740022145e-01
7.315805328934037455e-01
8.042643923304281239e-01
9.689286589005436934e-01
8.511410676579668211e-01
7.881985665087103410e-01
6.992870172099692194e-01
7.215590880447196875e-01
6.832409179307403768e-01
8.606171637634112415e-01
9.240956064316785401e-01
6.199975220797558917e-01
6.825099029603564071e-01
6.923566664952679472e-01
8.896177524110776558e-01
5.334788445608551477e-01
5.031362424240870546e-01
5.959420739111408460e-01
6.107606711762118001e-01
5.252325119990924884e-01
3.676920160666910520e-01
4.388021165999069217e-01
4.465261121046507076e-01
4.503466838555454377e-01
4.751035220452206054e-01
4.024428322925157064e-01
4.574987096697171185e-01
4.646691042424388463e-01
4.566288842542293724e-01
6.658414449369516319e-01
5.746800770673253789e-01
6.390404176001179826e-01
6.413406646725058335e-01
5.701172332722437286e-01
6.024024850259399599e-01
5.047754023175176075e-01
6.339952119087131077e-01
4.980379521878669502e-01
5.912829759315005873e-01
5.912031563754159835e-01
5.724807054658727079e-01
6.208370568207874918e-01
5.813746019853045510e-01
5.501345950714919830e-01
6.429980536630436339e-01
7.007596912672645617e-01
6.944567209482255254e-01
6.664812309110065280e-01
6.455280359961562686e-01
7.075692778349197409e-01
7.987979715366505529e-01
7.232730602003047959e-01
4.979940076290048090e-01
5.503445692264639089e-01
4.751527745854109419e-01
4.403651699651873197e-01
4.431067408767147553e-01
2.655879516646189598e-01
2.879307525599011930e-01
4.095715826909356316e-01
2.685204121054610149e-01
2.804059542841769170e-01
3.701684195844998082e-01
4.216277788594607889e-01
4.580920895322809216e-01
6.308492371908960283e-01
6.679824277811575728e-01
6.672564245212795342e-01
6.896723896999872316e-01
8.315146934791423083e-01
8.021620907739360762e-01
8.035988867698048432e-01
7.747060562541657758e-01
8.407808042017842487e-01
7.064314329214869126e-01
7.760164864535332718e-01
8.030254137805514780e-01
6.873448483261759279e-01
5.836386882578034063e-01
6.872642343530822595e-01
6.817371256434048288e-01
5.218970556969432240e-01
5.804879813963992330e-01
6.715921219235759798e-01
7.466273447053155543e-01
6.010051092865087430e-01
8.073300763757421672e-01
7.304650008485820134e-01
6.389228599280503129e-01
6.328452644409463534e-01
7.099338334446846366e-01
6.655873900275421917e-01
7.871360849005006877e-01
7.626914447446075940e-01
7.928715901222184170e-01
7.824303461626253009e-01
7.471608646049124891e-01
7.170840063870957959e-01
6.867794127803760196e-01
5.730976590933538617e-01
8.541109876827148728e-01
9.258431155163030501e-01
8.682525676139363213e-01
6.697594039109554531e-01
6.689910361700731611e-01
5.387953541580905448e-01
7.523241369526380007e-01
5.332072581622375740e-01
5.010481724192377140e-01
5.044867999917764800e-01
4.506903466816636339e-01
4.648371169344548415e-01
6.793722791970165931e-01
6.911922137720635240e-01
6.967238071502572794e-01
6.904150240673875283e-01
6.951679325112493091e-01
6.315103937404186185e-01
5.983041840498729558e-01
6.074430772428270897e-01
6.044584016997939235e-01
5.911622664943929628e-01
6.496207060997292171e-01
6.186373219776390986e-01
7.079841663452556277e-01
6.543814156298345397e-01
6.241312551462222524e-01
8.754361207127214772e-01
8.082973243268430918e-01
7.745311451987375584e-01
7.430614023319465078e-01
6.984981248130157638e-01
7.098677312732905031e-01
6.603214091261607743e-01
6.057671780602936762e-01
6.854136634309301312e-01
6.771646203766088501e-01
7.808114340142127130e-01
6.602763831530150673e-01
7.935050829036296438e-01
6.822228911306401633e-01
6.798260226125409922e-01
7.570486201111955582e-01
6.886541688926698379e-01
8.557107034872581952e-01
7.176661257418225359e-01
5.747521348369086791e-01
4.256720139918954704e-01
7.540188176642864670e-01
6.484818733852345529e-01
5.699266082037648395e-01
4.842967618992029544e-01
4.993659894529951515e-01
4.509675229327614332e-01
4.545603540886731797e-01
5.089837313986748102e-01
5.456007913399738563e-01
6.071527045825177993e-01
6.096228813876795050e-01
5.102695409186024378e-01
5.696245920876730207e-01
5.522630680204783094e-01
4.248505374283627067e-01
3.593601524305031214e-01
2.892501404744952098e-01
2.334342450806318747e-01
3.125605185929604124e-01
1.796501071892322721e-01
2.077374093803184274e-01
1.673122735023956642e-01
1.531285791165709620e-01
8.400215816722854389e-02
6.570534656928705974e-02
6.676673999626367428e-02
6.004435953894787792e-02
8.599855149492251216e-02
7.270812385780739406e-02
1.419049412639349639e-01
6.641349223347081665e-02
1.340305348747064529e-01
1.320879211242488582e-01
1.207182987689975340e-01
7.441547067574870444e-02
1.567511641194522243e-01
1.102189327003695735e-01
1.503597037455725038e-01
1.595041115665415399e-01
9.206239711385974522e-02
1.096388745372824380e-01
1.165054912105754764e-01
5.484971924891028638e-02
6.244288001010720596e-02
8.313453429973534370e-02
8.010512392130474113e-02
7.080829440791101825e-02
6.649622954331828317e-02
7.379696869358877420e-02
6.813464603708534184e-02
6.699060124616562639e-02
7.118237378699777962e-02
7.809874914643923083e-02
1.015022621999075447e-01
9.374429012452782650e-02
9.060966261639535890e-02
9.186545607766041788e-02
6.382935346940139809e-02
6.802593124462739949e-02
7.573467908885055111e-02
6.884601105041657232e-02
9.055828295225801239e-02
9.246872106512514511e-02
6.526686829130778911e-02
8.353056829146283946e-02
7.367996530797100985e-02
1.259343009090232168e-01
1.138317067113838454e-01
6.859286279973107747e-02
7.085822095318167202e-02
8.791674200792774785e-02
5.864357627177112231e-02
7.856552107838893351e-02
1.524263010679734187e-01
6.078833868179345234e-02
9.155419939633829829e-02
8.910156421815126904e-02
1.104100571159282590e-01
1.114661748934744623e-01
1.385663278390012465e-01
9.665097378548979934e-02
1.660938927689151190e-01
1.541274878120221237e-01
1.710890234472399740e-01
1.828782742435152986e-01
1.527997204547731080e-01
1.505502281483690752e-01
1.613341052886018423e-01
1.409767204253373762e-01
1.471559077900449208e-01
1.410226730074926327e-01
1.270253976216888514e-01
9.825616754111571316e-02
1.044737112364667042e-01
1.067778538139346617e-01
1.238256857766072555e-01
1.016264262482619307e-01
7.429134822398583693e-02
7.239959716329484596e-02
6.260599874967538725e-02
6.340248561089645296e-02
6.202839422709163775e-02
6.527342432069269118e-02
8.608976885152171132e-02
7.157103452791679921e-02
5.799770147956994498e-02
5.671557356175048470e-02
7.185968249959366616e-02
5.908045112044902486e-02
7.078122373023941483e-02
8.861235203397543891e-02
1.177861688629227993e-01
1.882260878458194842e-01
1.829036008168085925e-01
1.612720827092037901e-01
2.302694049931159059e-01
1.764214189728761650e-01
1.304427303632029467e-01
1.633018339649640882e-01
1.606318729598632533e-01
2.304967141671322717e-01
2.861446295498794590e-01
2.212735885749210485e-01
3.225442220953503303e-01
4.309660402361698561e-01
4.294112735950909032e-01
4.404509046748180112e-01
3.609138931414465623e-01
2.323170556325583058e-01
3.028500530376751487e-01
2.855760495335676885e-01
2.324989959535721518e-01
2.701586222895067113e-01
1.799156847202074139e-01
2.642371793047993411e-01
2.182274843308071588e-01
1.350302130292226621e-01
1.273914091785646185e-01
1.861654757832585938e-01
1.482092588987291570e-01
2.324823756506018135e-01
3.775836355240656528e-01
3.135681770493911613e-01
3.108305862713270917e-01
4.113466144889680876e-01
3.936460657972490340e-01
3.211436500442139685e-01
2.974443447901690685e-01
3.489860020285823206e-01
3.366010764264189548e-01
3.316821723166938352e-01
4.411921548987945418e-01
3.684994744464908933e-01
3.401627643834577719e-01
3.361850998429498083e-01
3.307122536217544928e-01
2.309248064015117785e-01
3.216564838681286731e-01
2.373563331274770316e-01
1.992069958414967867e-01
9.769855971959701124e-02
1.243728824920237314e-01
1.305244140539940645e-01
1.657453491292925629e-01
1.001597344796928829e-01
1.959498734810929399e-01
2.154086016536810866e-01
2.253030934151661890e-01
1.594650941322125481e-01
1.301986878440984097e-01
1.128513498648837793e-01
8.815355658435185260e-02
1.258018495066540732e-01
8.403429121846321681e-02
1.153513690294341310e-01
1.202738995282956747e-01
9.349208793020864772e-02
7.856698219218444246e-02
8.326155083190582562e-02
8.042212930053327380e-02
1.545536634883226679e-01
1.676808019446467679e-01
2.824696450610428844e-01
2.522731444459826999e-01
3.847811538209197080e-01
4.310846690377945212e-01
4.437119971256923145e-01
4.707954461081255704e-01
4.304915126192110919e-01
3.235091029671963159e-01
2.977726346341077468e-01
2.169937541869170761e-01
2.638694932546856720e-01
3.234990565875582313e-01
3.210244074292943894e-01
3.485950459381097488e-01
2.564863076989996604e-01
2.141477016754726181e-01
2.535928536459784999e-01
2.826107431077353738e-01
1.486152699861594262e-01
1.365230928314657699e-01
1.220200381071213092e-01
1.519218425918220094e-01
1.278618475390606024e-01
1.161044593347407838e-01
1.336863721645958347e-01
1.424018955727338887e-01
1.505075797602358489e-01
1.232953075315887520e-01
1.451618577480286998e-01
1.156990637968070418e-01
1.131296548746634767e-01
1.390708605588888425e-01
1.039839630796458581e-01
1.318956595729151304e-01
1.220574639951109430e-01
1.040463893938941009e-01
1.171371775974315022e-01
1.175661242851118449e-01
9.949433985650323053e-02
1.048638145636785618e-01
1.047659834384835065e-01
1.051175514363012764e-01
9.642681816284001672e-02
9.582431866135539267e-02
9.802385076521541452e-02
1.131732738410162892e-01
1.176440320886234514e-01
1.131009704206237393e-01
1.090181993782028125e-01
1.124329201818849711e-01
1.223099412794853014e-01
9.252010612903555087e-02
1.135912284183624998e-01
1.288782519372170532e-01
1.366765717004421177e-01
1.676310030261201067e-01
1.284208740932289983e-01
1.361960796738242718e-01
1.250041329442885818e-01
1.154042599207305703e-01
1.053620529313604726e-01
1.112553414819400371e-01
9.507530534506355990e-02
8.431588625689119543e-02
1.327164312628502929e-01
1.198715764030880981e-01
9.981657231790766471e-02
1.089036051177599412e-01
1.495820647000968007e-01
1.443870550201733494e-01
1.391589623579327084e-01
1.644139722535331027e-01
1.856774931606592627e-01
1.276001152618035650e-01
1.820349402696155305e-01
1.191200189030721251e-01
1.224323663763553366e-01
1.814397735005580659e-01
9.611400968460867555e-02
1.432155177270258428e-01
1.580899104254983589e-01
1.690989878709872329e-01
2.019103627128476797e-01
1.592635821884187397e-01
1.476942755943043972e-01
1.676120661376510335e-01
1.758250772587675870e-01
1.604179341686884364e-01
2.247663542054758323e-01
2.853942445592536625e-01
3.229682638907791503e-01
2.863741423428723953e-01
3.894361414128942878e-01
3.551192983699966166e-01
3.526986724780617477e-01
3.491080579017923347e-01
3.225960962753292027e-01
5.556562946554958193e-01
5.480876961707186190e-01
6.512357663459960033e-01
6.851497253132551313e-01
6.775888986279278159e-01
7.132210573674580001e-01
6.937621360370437307e-01
5.317192751434713927e-01
5.090509110110492674e-01
5.056254854124607734e-01
5.503441753761715294e-01
3.449884304979541350e-01
2.136473517636671982e-01
1.332180661439043012e-01
1.114962138326550944e-01
1.256395245551084061e-01
1.144326996558473059e-01
8.404455564331488049e-02
7.860944343629462649e-02
7.908621770076411372e-02
7.775341916133728104e-02
7.557844135005616082e-02
9.146630880505400574e-02
8.611708472462607789e-02
7.247117101101963055e-02
1.381982555156171244e-01
1.462739790601303991e-01
1.258709681122794632e-01
1.534272019709935486e-01
1.572525544856558932e-01
1.560854709037539367e-01
2.932920310560372390e-01
2.408210590731290623e-01
2.417355151799645274e-01
3.135175275117709770e-01
4.185038280222035945e-01
3.793430714043494190e-01
4.739994104380633178e-01
7.921476368697329962e-01
6.498245830619682195e-01
7.204911990104787556e-01
6.970834787557697032e-01
6.957460812273819073e-01
5.719646897579667710e-01
4.788192217137920981e-01
5.308361846138422990e-01
5.023483362159995025e-01
5.577432051469899399e-01
5.745033128088264940e-01
6.028414075285708495e-01
5.400818464719682188e-01
5.347311207607378103e-01
4.869133090389809460e-01
4.979815200392408991e-01
5.139163689186878603e-01
4.814112824741785257e-01
4.396939096658152302e-01
4.410874450656022128e-01
5.510402880296149108e-01
5.399343183207087060e-01
4.312115325441556735e-01
3.914808894327175826e-01
1.816045967725704036e-01
3.276591883974778741e-01
2.028027837711403047e-01
2.995515698980731334e-01
1.667198440288772676e-01
1.264203610965976277e-01
9.229245559138651855e-02
