1.000000000000000000e+00
7.236382961273193359e-01
3.943143486976623535e-01
2.720627188682556152e-01
2.220048308372497559e-01
2.118553221225738525e-01
2.706984877586364746e-01
2.148998081684112549e-01
2.369009405374526978e-01
1.658572852611541748e-01
1.561110615730285645e-01
1.794293522834777832e-01
5.189680308103561401e-02
7.530935853719711304e-02
8.884157240390777588e-02
1.372607946395874023e-01
5.568419396877288818e-02
8.994491398334503174e-02
8.859251439571380615e-02
8.814944326877593994e-02
6.889337301254272461e-02
8.539410680532455444e-02
8.528057485818862915e-02
7.723031193017959595e-02
9.055439382791519165e-02
5.620899423956871033e-02
6.290061026811599731e-02
5.935910344123840332e-02
5.667716637253761292e-02
5.050443857908248901e-02
5.553917214274406433e-02
5.679162591695785522e-02
4.814755916595458984e-02
5.259991809725761414e-02
5.040292814373970032e-02
5.157445743680000305e-02
4.275258630514144897e-02
4.888235032558441162e-02
6.524083018302917480e-02
6.478556990623474121e-02
7.025273889303207397e-02
6.818293780088424683e-02
6.535591185092926025e-02
6.341279298067092896e-02
6.976826488971710205e-02
5.360762402415275574e-02
6.274754554033279419e-02
7.200074195861816406e-02
5.608981475234031677e-02
5.091042816638946533e-02
6.790488213300704956e-02
6.472808122634887695e-02
7.172470539808273315e-02
7.628153264522552490e-02
7.508262991905212402e-02
7.399939000606536865e-02
6.033945828676223755e-02
6.731785833835601807e-02
6.568120419979095459e-02
6.463063508272171021e-02
6.999019533395767212e-02
7.579012215137481689e-02
7.656045258045196533e-02
7.177214324474334717e-02
5.587028712034225464e-02
6.373473256826400757e-02
5.216199532151222229e-02
4.766957834362983704e-02
4.676481708884239197e-02
5.640298500657081604e-02
5.535947903990745544e-02
5.783796682953834534e-02
6.275159865617752075e-02
6.042072921991348267e-02
6.303986161947250366e-02
5.070700868964195251e-02
4.808888584375381470e-02
6.222698837518692017e-02
4.790557548403739929e-02
4.820730164647102356e-02
