1.000000000000000000e+00
1.028792959666821272e+00
6.229905422593978725e-01
6.269227329714207597e-01
7.311230556144108217e-01
7.902561525298543721e-01
8.562175492251480335e-01
5.981230623819198122e-01
7.522098890918772485e-01
7.386827800645796582e-01
7.047156903983490261e-01
7.161399189333239601e-01
7.182461470510691504e-01
5.851415910813174692e-01
7.911569318802136319e-01
7.388503228095697484e-01
8.199333950088810719e-01
9.912855733031182559e-02
8.641395619610889312e-02
7.942147429443920104e-02
8.505626370400203029e-02
9.991483335976811264e-02
1.167826498026506010e-01
9.673439059417837660e-02
8.004436798843087009e-02
1.197743165525259612e-01
1.506916476875190813e-01
1.026100405094378665e-01
8.610487298769074760e-02
1.001430229954786144e-01
1.032275967539710571e-01
9.957299468121517949e-02
1.047985410016327446e-01
1.118132071414521672e-01
1.024087882484103623e-01
8.814235581537754882e-02
1.065950862460113419e-01
8.054935503161309018e-02
9.589276494103769755e-02
6.886520025341626161e-02
9.143034544053851853e-02
1.542295477845011253e-01
1.747009922673317117e-01
1.610332221485528403e-01
1.735420194847019648e-01
1.230439920850839863e-01
1.044982756689804421e-01
8.754685386481542153e-02
9.435606486722430963e-02
9.106806368689442099e-02
9.015775311237650413e-02
9.900482514698140390e-02
6.976061819485745996e-02
8.751808453555974532e-02
9.307497478514413503e-02
1.131721017731332768e-01
1.029658965167268847e-01
1.286387291803612609e-01
9.222919527452536070e-02
9.108684187071511285e-02
8.474843772672362163e-02
9.281564186078866685e-02
1.088806882325503156e-01
9.960006517000841164e-02
1.201280541710014194e-01
1.167257881278132292e-01
1.341522869076836599e-01
1.349997983747047992e-01
1.300665242069480865e-01
1.310984906322250620e-01
1.394770509440960704e-01
1.606962953582396769e-01
1.248395691792980877e-01
1.358337549379496079e-01
7.760353336860228990e-02
1.227597969400133493e-01
6.756232545497493913e-02
9.277879611879141786e-02
9.054365638512425207e-02
9.014153519000484005e-02
