1.000000000000000000e+00
8.005918832805131169e-01
5.561711892344560759e-01
5.650374925544954241e-01
4.814878555781013092e-01
3.880916313984744126e-01
4.170973852441123286e-01
4.241489421817554728e-01
4.785777407099028324e-01
4.563718942614936047e-01
4.016862386876531299e-01
3.558450007861723718e-01
2.909294768658332031e-01
2.679838786108747484e-01
1.965463425976688716e-01
1.962082749750780619e-01
1.814015037007074560e-01
2.147414147453920452e-01
2.010583536481756473e-01
1.881765626763701182e-01
1.860542990491618753e-01
2.307209404324938873e-01
2.242405010980461355e-01
2.356433773211655813e-01
1.995531244748217636e-01
1.868854667446397944e-01
2.707692024279800824e-01
1.922963631187901146e-01
2.248123516429940405e-01
2.075720373328647783e-01
2.864276276141236588e-01
2.656643796641360300e-01
1.874776519747742565e-01
1.998549986227871056e-01
2.158284061343145321e-01
1.908676573455434788e-01
1.764462806070850875e-01
2.034858202429405960e-01
1.547390222497590506e-01
1.619121701899214061e-01
1.543821746319537780e-01
1.611368327583286575e-01
1.761342604121564903e-01
1.710184924016040775e-01
2.141335770929812532e-01
1.747981344223339395e-01
2.644725098642628502e-01
2.384678385526106947e-01
2.040888532510047593e-01
2.360918922195603953e-01
2.010448133405245419e-01
2.019938075924437026e-01
2.303629286602337789e-01
2.134184595224609404e-01
1.894906112453151048e-01
2.150002477610204743e-01
2.336336438139943739e-01
2.105764939631295241e-01
2.195837052647728049e-01
2.248622091531932432e-01
2.152882150686767082e-01
1.776753079193408857e-01
1.928996975040744022e-01
1.742685940316069659e-01
1.729460229087480816e-01
2.117276857874099971e-01
2.076827079728677805e-01
1.792487729612780578e-01
2.157097393546285879e-01
1.809431841430963750e-01
1.734230588631951453e-01
1.792967815500777218e-01
1.790662025644223221e-01
1.883778490135017136e-01
1.760628452115813869e-01
2.085094485980863444e-01
1.646558279524715507e-01
1.946613656755185884e-01
1.824568701490621725e-01
1.599200327054776105e-01
