1.000000000000000000e+00
1.214498818352135912e+00
9.285725097137099704e-01
1.084513647886392596e+00
1.055559312680607764e+00
1.196769251942843448e+00
1.131014239677589295e+00
1.309967746388245091e+00
1.278619780229027558e+00
1.036408667157524333e+00
9.750821060936416540e-01
9.564335104663568288e-01
9.266765470262795512e-01
8.374518805216426554e-01
1.127992559719696475e+00
9.157850768518482898e-01
8.561718011192611666e-01
2.023168608927054246e-01
3.060861658309560474e-01
9.861217550125046805e-02
1.786656779779089155e-01
1.440139927128125108e-01
1.897913148687198626e-01
2.768389307319176762e-01
1.558899757242655504e-01
1.880184409489353281e-01
1.312970492655964327e-01
2.165345657784989164e-01
1.538223044825550445e-01
1.749213203962248497e-01
1.795816323582934693e-01
1.753114539908583180e-01
2.483799149326973155e-01
1.079600908520440689e-01
1.688170356026279517e-01
1.355695910837451390e-01
1.320076019234012188e-01
1.190440113307404402e-01
4.044249196797105039e-01
2.461424026548799660e-01
2.276971054045177911e-01
5.270377835451552917e-01
6.800547450391940529e-01
9.451045331376229930e-01
8.618628774992952435e-01
8.667305540675650510e-01
7.613814125999013305e-01
8.493268678876495503e-01
6.768400427710952183e-01
8.005012921381839952e-01
6.615917278936910284e-01
7.574067033181822728e-01
7.275567284689712366e-01
7.106741483422812644e-01
3.814187873139447404e-01
1.572794541828608506e-01
1.336989927588404792e-01
2.975988202271768746e-01
1.681357339665241202e-01
2.055222387558882369e-01
1.055267265129601478e-01
4.689277154766805511e-01
4.968888952930226033e-01
7.455285914021645421e-01
4.920822053353256509e-01
8.245149629622903209e-01
8.858518746062870042e-01
8.727282948361549941e-01
8.286598030021613548e-01
9.325912228210510024e-01
8.469575916798262050e-01
7.821535898068583403e-01
8.796886380115709336e-01
1.020727463896945686e+00
8.509000531285180191e-01
1.247514949140275498e+00
1.103012305326103615e+00
7.446408840176996780e-01
6.829069294338530050e-01
1.224372662787192256e+00
