1.000000000000000000e+00
9.898492097854614258e-01
7.809039354324340820e-01
7.949955463409423828e-01
7.733433246612548828e-01
8.429641127586364746e-01
8.238509893417358398e-01
8.138086199760437012e-01
8.192924261093139648e-01
7.822365760803222656e-01
7.952143549919128418e-01
7.577522993087768555e-01
3.224525749683380127e-01
5.416255593299865723e-01
4.883200824260711670e-01
6.147360801696777344e-01
7.085872292518615723e-01
5.134754776954650879e-01
6.838517785072326660e-01
7.513674497604370117e-01
7.784081697463989258e-01
7.626069188117980957e-01
8.149307966232299805e-01
8.412387967109680176e-01
8.859100341796875000e-01
8.738630414009094238e-01
8.599581122398376465e-01
8.619389533996582031e-01
8.906695842742919922e-01
9.058320522308349609e-01
9.291476607322692871e-01
9.751140475273132324e-01
7.032051086425781250e-01
9.456345438957214355e-01
1.030076742172241211e+00
8.401939868927001953e-01
1.013979554176330566e+00
9.374324083328247070e-01
8.569478392601013184e-01
9.352384805679321289e-01
9.573786854743957520e-01
9.922958016395568848e-01
1.012794017791748047e+00
8.908621668815612793e-01
9.211032390594482422e-01
9.418588876724243164e-01
9.923872947692871094e-01
9.025205373764038086e-01
9.489927291870117188e-01
1.235553741455078125e+00
1.107655525207519531e+00
1.184864640235900879e+00
9.664860367774963379e-01
1.083469748497009277e+00
1.137483835220336914e+00
1.123038411140441895e+00
1.198303222656250000e+00
1.188394546508789062e+00
1.153551340103149414e+00
1.218207597732543945e+00
1.112396955490112305e+00
1.112327694892883301e+00
1.176563143730163574e+00
1.256449937820434570e+00
1.164634466171264648e+00
1.212037444114685059e+00
1.166831254959106445e+00
1.293567299842834473e+00
1.338576912879943848e+00
1.139010906219482422e+00
1.150494694709777832e+00
1.199820160865783691e+00
1.029046893119812012e+00
1.224197983741760254e+00
1.196478724479675293e+00
1.389315485954284668e+00
1.381676912307739258e+00
1.518743753433227539e+00
1.480677008628845215e+00
1.337454915046691895e+00
