1.000000000000000000e+00
1.044523532375128960e+00
1.029981014775226411e+00
8.601126637031167865e-01
9.308453189051371091e-01
9.862329676302462600e-01
7.849774000106434224e-01
8.299860290938533280e-01
9.912557804413898443e-01
8.899910110313046241e-01
8.579900123177595095e-01
9.512263894814911858e-01
6.917587171608472474e-01
9.380791688384231275e-01
1.013220341626395404e+00
7.994086845000918373e-01
1.008289300625214491e+00
7.017166904303996366e-01
7.092394898636348310e-01
5.279433283519903153e-01
5.837844186307357131e-01
4.728992890658001436e-01
3.819592293890877732e-01
1.628181906533399670e-01
5.422988269739150713e-01
5.457982995929928638e-01
5.454780150659501725e-01
4.665290222754647220e-01
4.825071877589111602e-01
6.585032655059502860e-01
5.784651184877114272e-01
5.545014875102155516e-01
2.552147131248946876e-01
4.204331752823668999e-01
6.179979460287919890e-01
6.843060676507677353e-01
6.900599619453675615e-01
7.209940163523088641e-01
8.565453710249493202e-01
6.366154696473325103e-01
8.880974902476850286e-01
7.727866480405006788e-01
8.187124228649839131e-01
3.969762466858189898e-01
2.429656583639869527e-01
3.397995977055703887e-01
3.271053684335210598e-01
3.360508232281984586e-01
2.241897195997060166e-01
3.297947679882586858e-01
3.621798540957644197e-01
2.033541407583066007e-01
4.531318305180944694e-01
2.169519604164815429e-01
3.635752367098354365e-01
1.381319078663931221e-01
2.218364935972166330e-01
1.712762934487949418e-01
5.694253347455385805e-01
3.160036137195975092e-01
3.593722686222036722e-01
6.324248072085816297e-01
3.659835932133642666e-01
1.983760229383123574e-01
6.596428157003625392e-01
4.812165210415846883e-01
4.451610874287125208e-01
3.272656541370113636e-01
6.157850713488809413e-01
6.604018118430845519e-01
9.090237425716224395e-01
8.508556631053398878e-01
7.931662856383703275e-01
7.919877056704964779e-01
9.174330988002619147e-01
3.163435059032639329e-01
2.391336790308897231e-01
3.245485153944873136e-01
3.504313843714899623e-01
2.738416748115472532e-01
